[Axis]
axis1=205.48199
axis2=10.00000
axis3=199.96800
axis4=10.00000
axis5=70.00000
axis6=10.00000
axis7=89.96600
axis8=53.00000
axis9=347.41501
axis10=10.00000

[ImagingAnchorParam]
axis1Limit=10.00000
axis2Limit=10.00000
axis3Limit=10.00000
axis4Limit=10.00000
axis5Limit=10.00000
axis6Limit=10.00000
axis7Limit=10.00000
axis8Limit=10.00000
axis9Limit=10.00000
axis10Limit=10.00000

[Offset]
fodOffset=45.00000
fddOffset=766.00000

[StepParams]
startAxis0=200.00000
startAxis8=30.00000
startAxis2=200.00000
startAxis7=20.00000
R=277.3
d0=253.7

[NDTWorkDir]
NDTWorkdir=/NDT0505J

[AxisParams]
xrayZOffset=119.68100
xrayZCoefficient=0.99050
detectorZOffset=662.23950
detectorZCoefficient=-1.00550
detectorROffset=45.73400
detectorRCoefficient=1.00000
detectorThetaOffset=340.38800
detectorThetaCoefficient=1.00000
tableXOffset=205.48199
tableXCoefficient=1.00000
tableYOffset=199.96800
tableYCoefficient=1.00000
